year,month,value
1981,1,105.1
1981,2,212.6
1981,3,232
1981,4,209.9
1981,5,271.4
1981,6,176.5
1981,7,38.8
1981,8,54
1981,9,31.6
1981,10,230.4
1981,11,505.3
1981,12,316
1982,1,445.8
1982,2,223.1
1982,3,229.4
1982,4,225.4
1982,5,335.3
1982,6,44
1982,7,41.4
1982,8,18.8
1982,9,91.4
1982,10,203.1
1982,11,366.2
1982,12,258.5
1983,1,104.8
1983,2,96
1983,3,389.9
1983,4,278.8
1983,5,115.3
1983,6,21.7
1983,7,14.5
1983,8,7.9
1983,9,36.7
1983,10,207.9
1983,11,244.6
1983,12,344.3
1984,1,364.8
1984,2,156.6
1984,3,197.9
1984,4,169.9
1984,5,149.7
1984,6,89.3
1984,7,71.3
1984,8,131.3
1984,9,230.6
1984,10,311.7
1984,11,395.3
1984,12,249.2
1985,1,324.3
1985,2,83.7
1985,3,256.6
1985,4,235.1
1985,5,155.2
1985,6,60.4
1985,7,33.6
1985,8,162.2
1985,9,176.8
1985,10,332.5
1985,11,351.3
1985,12,161.7
1986,1,235
1986,2,199.8
1986,3,140.6
1986,4,265.3
1986,5,143
1986,6,53.7
1986,7,9.3
1986,8,44
1986,9,149.7
1986,10,487.9
1986,11,303.3
1986,12,129.9
1987,1,117
1987,2,39.6
1987,3,153.5
1987,4,168.1
1987,5,272.7
1987,6,50.5
1987,7,65.2
1987,8,22.2
1987,9,156.2
1987,10,292
1987,11,274.1
1987,12,114.5
1988,1,152.9
1988,2,132.6
1988,3,179.4
1988,4,305.2
1988,5,100.7
1988,6,201.3
1988,7,90.8
1988,8,106.3
1988,9,95.1
1988,10,223.1
1988,11,520.9
1988,12,222.2
1989,1,150.4
1989,2,265.8
1989,3,296.1
1989,4,66.9
1989,5,92.1
1989,6,119.6
1989,7,58.1
1989,8,54.9
1989,9,99.3
1989,10,174.2
1989,11,355.4
1989,12,273.3
1990,1,121.6
1990,2,299.3
1990,3,196.9
1990,4,236.9
1990,5,182.7
1990,6,4
1990,7,60.4
1990,8,13.4
1990,9,136.5
1990,10,317.5
1990,11,275.4
1990,12,207.8
1991,1,116.9
1991,2,53
1991,3,436.1
1991,4,141.2
1991,5,133.7
1991,6,65.6
1991,7,37
1991,8,0.5
1991,9,95.2
1991,10,99.7
1991,11,467.9
1991,12,343.3
1992,1,182.7
1992,2,199.2
1992,3,115.3
1992,4,229.7
1992,5,84.1
1992,6,12.5
1992,7,30.4
1992,8,53
1992,9,189.2
1992,10,78.2
1992,11,464.1
1992,12,356.3
1993,1,273.6
1993,2,207.9
1993,3,257
1993,4,192.3
1993,5,276.9
1993,6,32.9
1993,7,34.8
1993,8,30.9
1993,9,174.2
1993,10,200.9
1993,11,354.2
1993,12,193.4
1994,1,156.8
1994,2,70
1994,3,168.8
1994,4,196
1994,5,111.5
1994,6,70.2
1994,7,34.4
1994,8,1.4
1994,9,110.4
1994,10,300.2
1994,11,236
1994,12,131.5
1995,1,76.6
1995,2,78.6
1995,3,174.8
1995,4,219.1
1995,5,121.8
1995,6,128.8
1995,7,110.9
1995,8,97.5
1995,9,35.5
1995,10,239.2
1995,11,184.6
1995,12,354.9
1996,1,324.6
1996,2,198.8
1996,3,336.8
1996,4,262.8
1996,5,172.3
1996,6,91.8
1996,7,36.4
1996,8,18.4
1996,9,94.6
1996,10,331.1
1996,11,252.9
1996,12,311.2
1997,1,225.1
1997,2,186.6
1997,3,260.6
1997,4,168.6
1997,5,82.3
1997,6,200
1997,7,4.2
1997,8,0
1997,9,92.6
1997,10,148.3
1997,11,176.6
1997,12,69.1
1998,1,37.3
1998,2,121.1
1998,3,151.9
1998,4,166.7
1998,5,180.4
1998,6,62
1998,7,72.4
1998,8,115.2
1998,9,79.5
1998,10,366.4
1998,11,401.5
1998,12,255.3
1999,1,241.6
1999,2,297.7
1999,3,301.4
1999,4,256.8
1999,5,193.5
1999,6,166.4
1999,7,25.6
1999,8,53.3
1999,9,249
1999,10,231.7
1999,11,458.5
1999,12,462.3
2000,1,340.1
2000,2,350.4
2000,3,230.7
2000,4,195.4
2000,5,186.5
2000,6,100.4
2000,7,146.4
2000,8,64.5
2000,9,143.6
2000,10,159.5
2000,11,293.7
2000,12,238.1
2001,1,180.2
2001,2,189.6
2001,3,118.7
2001,4,93.5
2001,5,95.4
2001,6,68.8
2001,7,52.3
2001,8,0.5
2001,9,116.5
2001,10,187.4
2001,11,412.6
2001,12,335.3
2002,1,266.2
2002,2,98.9
2002,3,212
2002,4,252.2
2002,5,74.8
2002,6,39.2
2002,7,10.9
2002,8,16
2002,9,70.1
2002,10,177.6
2002,11,50.3
2002,12,203.6
2003,1,119.6
2003,2,127.2
2003,3,190.4
2003,4,154.7
2003,5,100.8
2003,6,106.2
2003,7,23.4
2003,8,25.9
2003,9,43.3
2003,10,323.1
2003,11,213.4
2003,12,165.5
2004,1,431.7
2004,2,111.8
2004,3,78.5
2004,4,123.2
2004,5,206.5
2004,6,19.3
2004,7,68.6
2004,8,5.5
2004,9,190
2004,10,246.3
2004,11,250.7
2004,12,408.2
2005,1,226.3
2005,2,157.8
2005,3,188.8
2005,4,204.6
2005,5,61.6
2005,6,46.7
2005,7,37.9
2005,8,41.6
2005,9,84.3
2005,10,454.1
2005,11,385.4
2005,12,413.9
2006,1,167.1
2006,2,146.7
2006,3,231.8
2006,4,323
2006,5,200
2006,6,45.3
2006,7,71.2
2006,8,13
2006,9,39.5
2006,10,206.8
2006,11,293.5
2006,12,229.9
2007,1,107.4
2007,2,151.4
2007,3,183.1
2007,4,300.3
2007,5,290.5
2007,6,34.7
2007,7,25
2007,8,43
2007,9,35.6
2007,10,431.6
2007,11,402.5
2007,12,374.2
2008,1,385.5
2008,2,219.9
2008,3,221.9
2008,4,204.1
2008,5,210.3
2008,6,129.1
2008,7,79.5
2008,8,206.5
2008,9,101.9
2008,10,421.4
2008,11,454.6
2008,12,298.7
2009,1,150
2009,2,94
2009,3,260.1
2009,4,122.5
2009,5,230.8
2009,6,80.2
2009,7,35.7
2009,8,29.1
2009,9,50.4
2009,10,241.6
2009,11,241.6
2009,12,391.4
2010,1,42.8
2010,2,150.7
2010,3,25.5
2010,4,227.7
2010,5,138.6
2010,6,144.9
2010,7,145.5
2010,8,80.8
2010,9,105.3
2010,10,338.9
2010,11,299.5
2010,12,224.9
2011,1,191.8
2011,2,419.5
2011,3,381.6
2011,4,235.4
2011,5,239.5
2011,6,84.1
2011,7,108
2011,8,54
2011,9,66
2011,10,309.1
2011,11,483.8
2011,12,397.1
2012,1,372.1
2012,2,200.4
2012,3,129.5
2012,4,250.2
2012,5,79.9
2012,6,56.9
2012,7,4.7
2012,8,43.2
2012,9,9.1
2012,10,360.3
2012,11,314.5
2012,12,178
2013,1,187.9
2013,2,114.2
2013,3,147.6
2013,4,136.3
2013,5,233.4
2013,6,46.4
2013,7,28.4
2013,8,50.8
2013,9,110.3
2013,10,172.2
2013,11,314.1
2013,12,372.6
2014,1,262.2
2014,2,329.1
2014,3,410.8
2014,4,146.6
2014,5,175.8
2014,6,43.8
2014,7,8.2
2014,8,19.8
2014,9,95.8
2014,10,276.6
2014,11,362.2
2014,12,340.4
2015,1,111.3
2015,2,242
2015,3,220.1
2015,4,171.2
2015,5,102.9
2015,6,37.3
2015,7,14
2015,8,5.6
2015,9,42.3
2015,10,183.7
2015,11,123
2015,12,27.3
2016,1,134.8
2016,2,115.2
2016,3,162.2
2016,4,283.2
2016,5,166.8
2016,6,47.5
2016,7,36.2
2016,8,8.4
2016,9,104.4
2016,10,368.1
2016,11,164.4
2016,12,354.4
